              precision    recall  f1-score   support

           0       1.00      1.00      1.00        54
           1       0.95      0.95      0.95        55
           2       1.00      1.00      1.00        53
           3       1.00      1.00      1.00        55
           4       0.98      0.98      0.98        54
           5       1.00      0.98      0.99        55
           6       1.00      0.98      0.99        54
           7       1.00      1.00      1.00        54
           8       0.91      0.94      0.92        52
           9       0.98      0.98      0.98        54

    accuracy                           0.98       540
   macro avg       0.98      0.98      0.98       540
weighted avg       0.98      0.98      0.98       540
